"","Anios_desde_diag","Nriesgo","NEventos","NCensuras"
"1",0,2418,456,0
"2",1,1962,226,39
"3",2,1697,152,22
"4",3,1523,171,23
"5",4,1329,135,24
"6",5,1170,125,107
"7",6,938,83,133
"8",7,722,74,102
"9",8,546,51,68
"10",9,427,42,64
"11",10,321,43,45
"12",11,233,34,53
"13",12,146,18,33
"14",13,95,9,27
"15",14,59,6,23
"16",15,30,0,30
